5.272541227908985917e+01
5.390421690368945207e+01
6.485335226493693028e+01
7.384116060843031448e+01
7.292398782293793147e+01
6.131993232220661838e+01
6.332482925361900072e+01
5.806900119685199968e+01
6.052542358381308674e+01
5.579199494551165373e+01
4.456839238743083342e+01
6.931745883974686251e+01
5.150607342828611479e+01
7.540493750411839358e+01
6.950999640339510677e+01
6.030782204656377132e+01
7.023173783981140161e+01
5.137490827242418590e+01
7.213453680450160732e+01
7.374541273869172642e+01
5.024358765056489062e+01
7.149587470616749840e+01
7.855486044796974454e+01
6.751272028292147809e+01
4.497941084540794066e+01
4.318407692657098806e+01
7.964437017140632236e+01
7.550979671539317906e+01
4.985848573713407461e+01
6.035416969853866220e+01
5.033902164325401429e+01
7.575473780563163473e+01
5.219020789381853831e+01
7.033950881261539223e+01
5.412444734128933277e+01
6.933778984074992024e+01
7.530975169259293978e+01
6.599533392596784154e+01
4.980490538089595276e+01
5.748405170131974273e+01
5.306039766153284631e+01
4.828945847698025773e+01
5.288905463326036482e+01
6.730951270065770586e+01
5.795253316292567547e+01
7.040573414147458209e+01
5.477220828120772467e+01
7.208801564754020319e+01
6.224265257843691757e+01
7.812109830257124088e+01
6.599995606059142972e+01
6.313360278013603732e+01
5.811530349228161896e+01
6.609416540058585099e+01
7.607202968240035545e+01
7.391799645553172127e+01
4.722703145445413497e+01
6.790370093006713148e+01
5.530122060135742856e+01
6.640242540751050626e+01
7.458052426739835994e+01
5.306039766153284631e+01
5.439298208408875013e+01
6.528480987182240369e+01
4.564863743859174861e+01
5.916930454213568424e+01
7.394140044656982980e+01
5.961110131510741184e+01
7.458707260645104498e+01
4.880356032094380936e+01
5.510514132093302209e+01
5.339989887630875387e+01
7.094801265715625505e+01
4.927519254148074879e+01
7.557790483997290210e+01
7.658009467217966915e+01
4.787104448411377433e+01
5.143579006878381676e+01
5.412444734128933277e+01
7.612391082964668954e+01
7.078237492483562221e+01
5.517149445139217789e+01
7.407195488172294517e+01
6.548267709860373031e+01
7.785588930838822819e+01
6.975258919925482815e+01
4.642849663730240195e+01
6.001861461246835461e+01
4.759439777957065587e+01
7.391799645553172127e+01
4.783047250446100662e+01
6.943774333890753780e+01
7.746427305538986730e+01
4.779985041817599267e+01
7.162609789734464982e+01
5.947462147840875701e+01
7.458052426739835994e+01
6.443787240435547403e+01
4.517980411644123251e+01
6.676284221031936283e+01
7.923942137597926205e+01
5.439298208408875013e+01
5.664309048771968236e+01
5.339744001354372926e+01
7.217277949476518017e+01
5.605391065750899315e+01
4.943275634637419813e+01
7.533463745183883020e+01
7.908062088780030763e+01
5.484840562860508584e+01
7.899126090903980923e+01
7.407195488172294517e+01
5.272541227908985917e+01
5.774597475149241887e+01
5.829163747914446247e+01
5.784467909842701516e+01
6.200694235325589432e+01
5.865504752363602137e+01
5.164851498349202075e+01
5.367545994213742944e+01
5.689900702121259002e+01
6.609536973192599874e+01
7.830913675938460017e+01
7.584280058120216950e+01
5.937381409342000893e+01
7.420832163578424456e+01
6.371231435130888343e+01
5.671147150268626547e+01
6.234504711683200640e+01
7.792784547259086025e+01
6.283964831219218894e+01
5.248590667979355118e+01
7.874761075740649119e+01
7.855486044796974454e+01
7.918806791430134240e+01
5.591064835968190039e+01
4.203856086975383732e+01
5.660972354640144033e+01
6.578563521012775084e+01
6.111958851301274365e+01
4.456839238743083342e+01
7.388899647444131347e+01
5.144970748216166356e+01
6.642556435590142883e+01
5.199680182472764756e+01
6.178977099811910279e+01
5.480278186369739757e+01
5.547418949385380671e+01
7.359593467033351999e+01
5.641644618371490338e+01
5.664309048771968236e+01
7.289763850770475528e+01
7.341557464189733651e+01
7.372113808128574419e+01
5.909394977491349721e+01
7.963771342774727202e+01
6.455673241421068553e+01
5.659465787510336554e+01
5.570017324928173963e+01
7.826240029541644105e+01
6.548267709860373031e+01
7.658009467217966915e+01
4.873606467494066408e+01
7.545290981797852226e+01
4.517980411644123251e+01
5.869564208695564389e+01
7.060452818339628323e+01
6.558631107174730346e+01
7.388899647444131347e+01
4.919332576681514269e+01
7.009284342926886779e+01
4.544837290816914077e+01
4.763735509030705373e+01
5.291173310334862379e+01
7.251026616969488714e+01
7.200640665940775875e+01
7.780390093048033862e+01
7.470571464084926561e+01
4.453099033257625905e+01
7.279647312885424526e+01
5.772590926092028241e+01
5.945328081779844354e+01
6.756251105457819506e+01
7.181973684162313987e+01
7.779963560325975891e+01
6.889264837411899123e+01
4.828945847698025773e+01
6.528480987182240369e+01
5.774597475149241887e+01
5.258460040734359353e+01
6.286141741959053775e+01
4.635918355622754206e+01
4.726852970000230414e+01
5.288905463326036482e+01
4.564863743859174861e+01
5.339744001354372926e+01
7.289763850770475528e+01
7.136434193629196443e+01
5.589603295404781846e+01
5.328544547998074421e+01
6.048319932014178590e+01
7.581855775468167735e+01
5.365016402584431177e+01
7.779306717182450370e+01
6.770497913743125196e+01
5.033787639541422720e+01
5.436597189419131837e+01
7.550979671539317906e+01
5.400913441261581482e+01
4.430784693482634395e+01
7.751644599696248861e+01
5.579199494551165373e+01
6.848124268732276221e+01
6.754275312718601754e+01
5.829163747914446247e+01
4.816286017254373064e+01
4.589580699802543506e+01
6.337461794756634959e+01
6.484846181676171284e+01
5.882087554601682911e+01
5.727495613267635122e+01
4.576328878041873338e+01
7.496594293410842624e+01
6.957510689894770906e+01
5.408383584769114094e+01
4.980490538089595276e+01
4.494845269861910708e+01
7.081413771274773694e+01
7.918806791430134240e+01
4.375585103731845038e+01
6.734746765840569083e+01
7.106145720431010204e+01
5.318928745527617963e+01
7.496305956936390658e+01
5.400913441261581482e+01
6.052542358381308674e+01
5.479533830537047834e+01
4.835391711123309477e+01
5.846691201012757233e+01
7.024638994282909721e+01
4.583606549432445831e+01
7.265817503901402574e+01
4.996693106445501087e+01
7.251026616969488714e+01
4.612503983738116631e+01
7.379176715596396718e+01
7.016655114796508030e+01
4.980378700460437358e+01
5.296912874495859569e+01
7.575473780563163473e+01
7.080142371449885275e+01
6.248270880811745798e+01
5.743805532919790124e+01
4.375585103731845038e+01
6.730951270065770586e+01
5.624789240496038900e+01
6.219493628905812699e+01
4.665953814602112004e+01
6.028374324807641926e+01
7.639874409962509105e+01
5.739191319341081510e+01
5.811830090427627482e+01
7.574565532094895559e+01
7.751644599696248861e+01
6.111958851301274365e+01
6.931745883974686251e+01
4.919332576681514269e+01
7.184061942940080314e+01
7.940148739160999014e+01
7.198690297547186390e+01
7.968851171906774766e+01
5.249030862930794683e+01
7.574390338502500697e+01
4.665417559018698768e+01
7.945788129569021407e+01
6.198812305595322414e+01
5.480278186369739757e+01
6.999909213696989241e+01
7.310272635134752761e+01
5.290412176759009100e+01
5.018107810719094175e+01
7.750512563695384927e+01
6.161520104649500240e+01
7.191471407160010187e+01
7.135974425402601184e+01
6.734232918454780759e+01
4.653978620492362950e+01
7.578097452527248379e+01
5.305618437091006001e+01
4.563081962884297127e+01
6.648168093542761881e+01
7.841212661317128152e+01
7.830913675938460017e+01
4.491173343348038571e+01
7.213522024642331587e+01
5.291412476834516809e+01
5.088105050016165620e+01
6.286338998176919546e+01
7.902516687739418444e+01
5.633576306397208100e+01
7.338753163855558626e+01
7.135974425402601184e+01
7.662283014872264175e+01
6.889112134375515950e+01
4.573651495249719545e+01
6.675871778277351609e+01
6.878274856386593683e+01
5.795253316292567547e+01
5.547418949385380671e+01
5.624789240496038900e+01
5.113902717103641038e+01
5.526645546803231923e+01
5.903443147858714468e+01
4.835391711123309477e+01
5.121821843836428911e+01
7.637515368233309232e+01
6.587391213522998612e+01
5.846691201012757233e+01
6.219493628905812699e+01
5.121821843836428911e+01
5.663695348445216382e+01
4.844934055278770302e+01
5.167203692520742919e+01
5.663695348445216382e+01
5.230828137111751630e+01
7.895993477707538943e+01
5.185517139109656881e+01
7.199931735787500031e+01
7.331060018851296434e+01
7.581350605268167442e+01
7.040573414147458209e+01
7.359593467033351999e+01
7.136434193629196443e+01
4.665953814602112004e+01
6.999909213696989241e+01
5.113902717103641038e+01
5.748574605934935278e+01
5.835371967578416985e+01
6.790022385824660489e+01
7.925847967252464343e+01
7.341557464189733651e+01
5.437780245651712363e+01
6.135700367521216947e+01
7.354879604725014985e+01
5.806210554225535247e+01
4.556039617913786799e+01
7.030183212406345206e+01
5.688289901191744491e+01
6.648168093542761881e+01
6.039948509714299973e+01
6.805777839453767797e+01
5.338928169586102968e+01
6.514334578450817048e+01
5.035792986213792233e+01
5.826982152023465744e+01
4.756999999999999318e+01
7.863386611378076907e+01
4.850341534366418017e+01
5.895194144385746426e+01
5.758883659182568238e+01
6.450639503181059808e+01
6.207511981462459971e+01
4.871657623437837259e+01
6.726566286003577488e+01
5.903872034521072010e+01
5.777149729754283669e+01
5.120970611124418070e+01
5.895194144385746426e+01
5.164574425836073601e+01
7.538797914787210175e+01
4.680673883107005651e+01
5.499769631539124504e+01
7.718813639413767191e+01
6.887742808787216120e+01
7.789285268880581725e+01
7.745096706949500742e+01
4.612503983738116631e+01
6.254489747373484221e+01
5.477220828120772467e+01
5.589603295404781846e+01
6.028374324807641926e+01
4.844934055278770302e+01
5.230828137111751630e+01
5.748574605934935278e+01
6.250548295949725031e+01
5.801552464642546170e+01
7.748051755118831352e+01
5.247288252040284107e+01
5.429643266366585408e+01
7.257654855392338789e+01
6.892393270845765585e+01
6.687627980083820489e+01
7.793625664605657732e+01
4.555944907480774475e+01
7.904355128661666186e+01
4.491173343348038571e+01
6.171082887143877116e+01
7.634301932724432049e+01
4.549597234920911859e+01
6.680696819943261744e+01
4.542303160292144781e+01
7.785588930838822819e+01
5.916930454213568424e+01
7.217277949476518017e+01
6.730892437114115978e+01
7.624070369559817095e+01
6.935372592730689689e+01
7.147540765885842973e+01
7.072874168257200722e+01
5.018107810719094175e+01
6.448541307923829891e+01
5.784467909842701516e+01
4.816286017254373064e+01
5.725768594695388458e+01
4.573575953233968505e+01
5.296528391314446083e+01
5.013694147033703530e+01
7.652173612771731825e+01
7.661455540561465227e+01
7.213522024642331587e+01
7.912824906441440476e+01
5.849812048262744213e+01
4.845009184717818584e+01
4.668979974255618970e+01
6.085772013475365583e+01
6.178760150709850762e+01
7.571908345985181654e+01
6.004627715354219220e+01
7.147540765885842973e+01
5.815742944800776115e+01
5.896180967372016823e+01
4.842134756489125635e+01
6.734232918454780759e+01
4.555972124585488814e+01
7.930197034122166144e+01
5.915487976490189936e+01
6.230795615328752035e+01
7.141107827221208026e+01
7.320145900185325161e+01
7.912824906441440476e+01
4.991836335458123841e+01
7.953953042355732350e+01
5.633576306397208100e+01
5.671147150268626547e+01
7.699624796053376485e+01
5.000706950022166808e+01
6.379820843879551973e+01
6.692860524469340078e+01
5.017791745379634705e+01
7.996880266704010864e+01
4.894473311807922045e+01
5.237538353081532705e+01
7.200640665940775875e+01
4.589580699802543506e+01
7.024638994282909721e+01
7.871276198940041979e+01
4.789138335859593809e+01
6.979263356544156238e+01
5.435041582177638730e+01
5.720280937156844914e+01
6.533838228790179414e+01
7.610841280699527545e+01
7.149073995980177187e+01
5.747482927334365144e+01
7.853593636036944758e+01
7.445886716839034136e+01
5.390421690368945207e+01
6.200694235325589432e+01
5.725768594695388458e+01
7.029319952883066946e+01
5.682441552713059707e+01
4.701956720345265239e+01
5.291412476834516809e+01
4.991836335458123841e+01
7.584280058120216950e+01
7.799243937716012454e+01
5.128885259001218344e+01
7.018381437340093498e+01
7.838930220380839842e+01
7.208801564754020319e+01
5.258460040734359353e+01
6.558315789896060721e+01
4.508255316638580013e+01
5.522512562231071342e+01
4.589896295124759718e+01
6.892967575725276674e+01
4.991621980879558151e+01
7.016673072047748860e+01
6.276467398146827747e+01
6.305058366105740930e+01
6.134872533313144771e+01
7.345085567915462832e+01
5.137490827242418590e+01
4.985848573713407461e+01
4.573575953233968505e+01
5.537009120454833777e+01
7.750038451517515625e+01
7.959545966950625484e+01
6.299702532659774334e+01
7.953953042355732350e+01
6.582485093032875056e+01
7.264748378299142928e+01
7.199765829525290428e+01
5.902592142440471434e+01
6.171699036732105270e+01
7.945869430087559238e+01
7.184061942940080314e+01
7.390586715545660468e+01
5.236049274023307731e+01
4.845009184717818584e+01
7.997857275545744926e+01
5.640002925531156563e+01
5.223326334817691219e+01
4.615369541001024345e+01
7.678535081641548743e+01
7.198690297547186390e+01
5.236049274023307731e+01
7.496594293410842624e+01
4.668979974255618970e+01
5.848891433425654185e+01
6.795563847099077748e+01
7.780390093048033862e+01
7.379176715596396718e+01
6.254489747373484221e+01
7.948194071611484901e+01
7.266923695760128510e+01
6.624092541624094110e+01
7.882613589413097088e+01
6.146726445840906905e+01
5.197388286437714555e+01
4.838771434982228214e+01
4.966969599262713331e+01
5.903872034521072010e+01
5.078499384660788962e+01
7.510545519467942199e+01
6.485335226493693028e+01
5.865504752363602137e+01
7.871276198940041979e+01
6.558315789896060721e+01
7.948194071611484901e+01
6.825208934530867566e+01
5.210554960846301498e+01
5.764170885738901262e+01
5.636549387701663250e+01
7.070940390075425341e+01
4.991621980879558151e+01
5.581954944282512798e+01
4.556082637529744517e+01
4.938972666456051996e+01
6.271778296464247404e+01
7.213453680450160732e+01
7.384116060843031448e+01
7.016673072047748860e+01
6.825208934530867566e+01
5.581954944282512798e+01
5.145506000385190504e+01
5.408907006041052767e+01
6.599410125155127105e+01
7.016856062368673008e+01
6.727208782251373975e+01
7.163887352548198351e+01
5.469876963881361576e+01
7.899126090903980923e+01
7.642918945010474374e+01
6.453238179394899987e+01
6.258226665757641172e+01
4.787303311886557822e+01
7.930197034122166144e+01
5.653653155261648777e+01
5.914449847618965350e+01
4.934417189496648604e+01
7.056989443098240145e+01
5.605391065750899315e+01
7.372113808128574419e+01
4.700785998107125607e+01
6.190810124692890781e+01
5.428966384128750633e+01
7.642918945010474374e+01
4.943275634637419813e+01
4.700785998107125607e+01
6.096178229021851536e+01
4.447001461659305477e+01
6.650687032179456537e+01
6.453238179394899987e+01
5.909394977491349721e+01
7.257654855392338789e+01
7.021433899140544099e+01
6.081934725068988001e+01
6.414627892559317957e+01
6.732592368471449618e+01
4.514433076256641186e+01
7.793588967863267669e+01
6.975258919925482815e+01
6.379820843879551973e+01
7.144587951729616293e+01
6.173561856821393690e+01
4.504748161662314487e+01
5.633634350931911428e+01
5.640656965283388757e+01
7.033950881261539223e+01
7.264748378299142928e+01
6.692860524469340078e+01
6.283964831219218894e+01
6.626453727296370744e+01
5.633634350931911428e+01
7.106145720431010204e+01
6.865992572090360113e+01
7.162785142666226079e+01
4.663061226276146698e+01
7.963771342774727202e+01
5.328544547998074421e+01
7.895993477707538943e+01
5.835371967578416985e+01
5.437780245651712363e+01
6.250548295949725031e+01
4.258824837910101024e+01
5.307962886079743470e+01
5.957966515515172290e+01
5.327841026156842474e+01
6.224265257843691757e+01
6.286141741959053775e+01
7.639874409962509105e+01
5.526645546803231923e+01
4.508255316638580013e+01
7.054717712283039077e+01
5.368330653005642716e+01
7.274587754642868731e+01
4.879910347537136062e+01
7.899598660691566465e+01
7.582600675230099796e+01
5.499769631539124504e+01
7.826240029541644105e+01
6.171082887143877116e+01
4.514433076256641186e+01
6.050756151093845858e+01
7.607202968240035545e+01
4.518076913909281700e+01
4.759439777957065587e+01
6.200596745475392169e+01
6.455673241421068553e+01
6.048319932014178590e+01
5.185517139109656881e+01
6.135700367521216947e+01
5.801552464642546170e+01
7.021433899140544099e+01
4.258824837910101024e+01
6.802364368364868596e+01
7.749108722943562100e+01
6.652025330679371962e+01
7.918481230640126967e+01
6.565716487939452861e+01
6.469890029977325696e+01
4.641989013343309978e+01
4.850341534366418017e+01
7.078237492483562221e+01
5.248006955025879705e+01
6.542533224982506113e+01
7.582600675230099796e+01
5.843562098583361575e+01
5.417377040598154281e+01
7.745096706949500742e+01
5.663250833222912206e+01
6.178977099811910279e+01
4.665417559018698768e+01
7.023173783981140161e+01
6.059118500244075278e+01
4.820442510807485093e+01
4.353376390802888096e+01
7.598387855328262219e+01
5.249315574434442055e+01
7.292398782293793147e+01
7.394140044656982980e+01
5.164851498349202075e+01
4.635918355622754206e+01
6.730892437114115978e+01
4.796350383364418235e+01
4.957505017647483925e+01
7.750512563695384927e+01
7.016655114796508030e+01
7.266923695760128510e+01
4.556082637529744517e+01
5.145506000385190504e+01
6.878765150810134799e+01
6.724732931499954702e+01
7.622126606138209581e+01
7.828237285621840158e+01
6.763766775991021518e+01
5.936702199032726668e+01
4.698326191315373990e+01
6.198812305595322414e+01
5.291173310334862379e+01
4.615369541001024345e+01
6.795563847099077748e+01
6.004627715354219220e+01
5.653977803281509296e+01
5.570017324928173963e+01
7.943928750939299732e+01
6.609416540058585099e+01
7.062633290777597495e+01
6.857965004285163957e+01
4.787303311886557822e+01
6.001861461246835461e+01
6.585006074408738641e+01
4.549597234920911859e+01
7.793588967863267669e+01
7.216651093131773109e+01
7.662283014872264175e+01
4.518076913909281700e+01
4.563563629445742009e+01
5.105992263997272573e+01
7.746427305538986730e+01
7.144587951729616293e+01
6.716863777091211318e+01
7.470571464084926561e+01
4.789138335859593809e+01
5.522512562231071342e+01
6.624092541624094110e+01
5.210554960846301498e+01
7.895698639132577057e+01
5.358382218543204800e+01
5.304893684137317678e+01
5.127170174667504199e+01
4.289577251897907217e+01
6.337461794756634959e+01
6.892393270845765585e+01
5.296528391314446083e+01
5.537009120454833777e+01
5.643020201984040085e+01
7.176632218527015539e+01
7.981700194820648164e+01
5.249100303861604289e+01
7.310440821181714455e+01
5.237538353081532705e+01
4.203856086975383732e+01
6.865992572090360113e+01
5.315660824394274186e+01
6.219782150525853837e+01
5.898444286419936589e+01
5.380155202222331212e+01
5.811830090427627482e+01
6.171699036732105270e+01
6.935037490886404044e+01
5.592440790924834459e+01
6.763766775991021518e+01
6.134872533313144771e+01
5.573623058657626217e+01
6.371231435130888343e+01
6.095847849151092390e+01
6.005851979527964346e+01
7.149587470616749840e+01
6.754011548702000312e+01
4.629635622810931750e+01
7.636856093969562664e+01
6.687627980083820489e+01
6.081934725068988001e+01
5.643020201984040085e+01
7.388068286094815562e+01
6.305212526156433483e+01
4.849148894393739084e+01
7.199931735787500031e+01
6.790022385824660489e+01
7.354879604725014985e+01
7.748051755118831352e+01
5.307962886079743470e+01
6.802364368364868596e+01
4.573444325669659349e+01
6.131993232220661838e+01
5.367545994213742944e+01
6.484846181676171284e+01
5.013694147033703530e+01
6.979263356544156238e+01
7.029319952883066946e+01
7.750038451517515625e+01
5.764170885738901262e+01
5.408907006041052767e+01
7.895698639132577057e+01
7.816577128129678442e+01
6.583379755110591702e+01
7.910207392982817964e+01
4.805281365331274657e+01
5.882087554601682911e+01
7.652173612771731825e+01
5.435041582177638730e+01
7.959545966950625484e+01
7.176632218527015539e+01
4.916423598511420323e+01
4.892203593474005885e+01
5.982657937739713816e+01
6.094930844562551897e+01
7.310272635134752761e+01
5.806210554225535247e+01
5.957966515515172290e+01
4.573444325669659349e+01
6.655058001249875588e+01
7.634301932724432049e+01
7.072874168257200722e+01
4.788573691612149474e+01
7.338753163855558626e+01
5.896180967372016823e+01
7.223205451875226402e+01
4.653978620492362950e+01
5.083021739083948631e+01
7.738885966339081790e+01
4.783047250446100662e+01
6.562348207768313557e+01
5.521217347650787133e+01
5.688289901191744491e+01
7.918481230640126967e+01
4.748924193962249518e+01
7.207671538021138247e+01
7.486706218357976184e+01
5.640002925531156563e+01
6.178760150709850762e+01
5.237645272448298783e+01
7.396452730870389303e+01
7.718813639413767191e+01
5.653977803281509296e+01
7.838930220380839842e+01
6.878274856386593683e+01
4.894473311807922045e+01
6.663025513983869530e+01
7.213859507919461578e+01
5.753163564509529948e+01
5.698392843600728952e+01
5.826982152023465744e+01
4.964805132127543885e+01
5.898444286419936589e+01
5.902592142440471434e+01
7.207671538021138247e+01
5.063301689609261302e+01
4.873606467494066408e+01
4.787104448411377433e+01
5.097686534105447009e+01
6.676284221031936283e+01
6.933778984074992024e+01
7.668171424792222979e+01
6.200596745475392169e+01
4.722703145445413497e+01
6.716863777091211318e+01
7.124338706153714895e+01
7.162609789734464982e+01
5.450060641864455846e+01
4.910415664686643566e+01
6.702156220202569159e+01
6.469890029977325696e+01
7.841212661317128152e+01
4.794908445424165677e+01
5.609735198741560680e+01
5.035792986213792233e+01
4.964805132127543885e+01
7.199765829525290428e+01
6.190542544882477216e+01
4.748924193962249518e+01
5.489793620893229331e+01
5.164574425836073601e+01
6.190542544882477216e+01
7.997857275545744926e+01
6.085772013475365583e+01
5.368330653005642716e+01
5.237645272448298783e+01
7.238256212652328259e+01
4.680673883107005651e+01
5.510514132093302209e+01
4.453099033257625905e+01
4.980378700460437358e+01
5.129764711953169609e+01
4.940031275204644601e+01
4.864274046556177211e+01
7.825947865913751400e+01
6.771347059485283637e+01
5.199680182472764756e+01
6.030782204656377132e+01
4.519505061397767065e+01
7.945788129569021407e+01
6.797159627373771684e+01
5.848891433425654185e+01
7.081413771274773694e+01
5.008818024244840217e+01
5.249315574434442055e+01
5.339989887630875387e+01
7.279647312885424526e+01
5.129764711953169609e+01
4.288487495609608402e+01
5.772590926092028241e+01
4.583606549432445831e+01
5.720280937156844914e+01
5.358382218543204800e+01
4.718022996976593220e+01
7.015912556467620220e+01
7.812109830257124088e+01
5.961110131510741184e+01
5.641644618371490338e+01
7.581855775468167735e+01
5.903443147858714468e+01
6.095594638753465944e+01
4.938972666456051996e+01
6.599410125155127105e+01
6.878765150810134799e+01
5.019460229945045882e+01
6.827803892907293459e+01
4.780737181648871825e+01
7.950700849610679199e+01
6.653411530936591589e+01
7.998558682662770991e+01
5.659465787510336554e+01
4.556039617913786799e+01
7.749108722943562100e+01
7.943928750939299732e+01
7.094801265715625505e+01
5.945328081779844354e+01
6.533838228790179414e+01
4.916423598511420323e+01
4.940031275204644601e+01
5.001674419631891055e+01
5.840846257178834122e+01
6.721844240980297513e+01
6.987088163176419187e+01
7.040661403589864165e+01
7.482036888441542999e+01
6.754011548702000312e+01
5.591064835968190039e+01
4.858568616372518534e+01
7.593801946324381902e+01
7.964437017140632236e+01
7.496305956936390658e+01
6.219782150525853837e+01
4.442087572302013143e+01
4.430784693482634395e+01
5.739191319341081510e+01
5.869564208695564389e+01
5.631163556495228306e+01
7.291664556190171709e+01
7.176790508298260818e+01
7.828237285621840158e+01
7.823117217580215765e+01
7.062633290777597495e+01
4.842134756489125635e+01
7.223205451875226402e+01
5.348900915141354062e+01
5.653653155261648777e+01
6.943774333890753780e+01
4.878905102581931175e+01
4.869283314821596775e+01
5.390458793089879919e+01
6.994515065392312181e+01
5.758883659182568238e+01
7.158343244075406631e+01
6.599995606059142972e+01
5.727495613267635122e+01
7.265817503901402574e+01
7.637515368233309232e+01
5.167203692520742919e+01
7.331060018851296434e+01
5.247288252040284107e+01
7.610841280699527545e+01
7.388068286094815562e+01
4.990046693168311265e+01
4.582545144349372634e+01
7.913371658149262089e+01
6.756251105457819506e+01
5.296912874495859569e+01
7.882613589413097088e+01
7.016856062368673008e+01
6.724732931499954702e+01
7.816577128129678442e+01
4.864274046556177211e+01
5.019460229945045882e+01
5.001674419631891055e+01
4.759018070989015570e+01
7.429590702050819573e+01
6.035416969853866220e+01
6.299702532659774334e+01
7.981700194820648164e+01
4.892203593474005885e+01
5.840846257178834122e+01
7.473155491490859959e+01
6.943368490869546861e+01
5.219020789381853831e+01
6.582485093032875056e+01
7.998558682662770991e+01
7.576713337589062291e+01
5.575046636576234960e+01
4.590946852229940589e+01
6.234504711683200640e+01
6.248270880811745798e+01
6.626453727296370744e+01
5.339282817008290749e+01
6.751272028292147809e+01
6.734746765840569083e+01
6.585006074408738641e+01
5.530122060135742856e+01
5.390458793089879919e+01
7.056989443098240145e+01
7.943866627782719547e+01
7.211014769087636012e+01
6.443787240435547403e+01
6.207511981462459971e+01
7.424743901307303418e+01
6.190810124692890781e+01
6.096178229021851536e+01
6.095594638753465944e+01
6.580085561753737977e+01
5.484840562860508584e+01
6.448541307923829891e+01
6.650687032179456537e+01
6.688395323244581903e+01
6.065401388201773614e+01
6.857965004285163957e+01
4.555972124585488814e+01
5.083021739083948631e+01
5.348900915141354062e+01
7.578097452527248379e+01
5.914449847618965350e+01
4.779985041817599267e+01
7.200926745912640570e+01
7.282536714634538555e+01
7.158343244075406631e+01
5.583009045308811835e+01
7.424743901307303418e+01
5.517149445139217789e+01
5.948746674720649708e+01
7.668171424792222979e+01
7.370655669613117311e+01
4.880103380052518247e+01
7.510545519467942199e+01
5.777149729754283669e+01
7.260874465241772668e+01
5.663250833222912206e+01
7.345085567915462832e+01
6.095847849151092390e+01
7.792784547259086025e+01
5.964099009909209315e+01
4.497941084540794066e+01
4.858568616372518534e+01
7.169209370634945344e+01
5.033787639541422720e+01
4.718687317464464570e+01
6.558631107174730346e+01
7.945869430087559238e+01
7.678535081641548743e+01
5.849812048262744213e+01
7.486706218357976184e+01
6.658185788936806659e+01
4.698326191315373990e+01
6.680696819943261744e+01
6.889112134375515950e+01
7.699624796053376485e+01
7.738885966339081790e+01
4.563563629445742009e+01
4.701009466061519504e+01
6.173561856821393690e+01
7.124338706153714895e+01
6.039948509714299973e+01
6.663025513983869530e+01
5.832454371874674592e+01
6.801505495109151411e+01
7.385464711174240904e+01
6.565716487939452861e+01
4.629635622810931750e+01
5.660972354640144033e+01
7.169209370634945344e+01
5.258926886732691486e+01
4.442087572302013143e+01
5.380155202222331212e+01
7.574565532094895559e+01
7.060452818339628323e+01
6.972496324846648008e+01
5.936702199032726668e+01
6.332482925361900072e+01
5.682441552713059707e+01
6.276467398146827747e+01
6.727208782251373975e+01
6.583379755110591702e+01
4.935728315051388648e+01
5.573623058657626217e+01
5.937381409342000893e+01
7.576713337589062291e+01
6.290657994200605430e+01
7.374541273869172642e+01
5.033902164325401429e+01
6.827803892907293459e+01
7.473155491490859959e+01
7.162276314133654864e+01
4.850848482482214052e+01
7.080142371449885275e+01
5.575046636576234960e+01
6.305058366105740930e+01
6.271778296464247404e+01
7.163887352548198351e+01
7.910207392982817964e+01
4.780737181648871825e+01
4.935728315051388648e+01
7.162276314133654864e+01
7.420832163578424456e+01
4.590946852229940589e+01
6.809854330306924908e+01
5.024358765056489062e+01
4.996693106445501087e+01
7.149073995980177187e+01
4.589896295124759718e+01
7.054717712283039077e+01
5.304893684137317678e+01
4.718022996976593220e+01
6.462841944531834315e+01
4.542303160292144781e+01
7.799243937716012454e+01
7.310440821181714455e+01
4.573651495249719545e+01
5.000706950022166808e+01
5.105992263997272573e+01
4.701009466061519504e+01
4.504748161662314487e+01
7.213859507919461578e+01
5.640656965283388757e+01
7.162785142666226079e+01
6.935037490886404044e+01
7.940148739160999014e+01
7.390586715545660468e+01
7.865971078004294270e+01
6.115150611391347013e+01
4.774231770662166241e+01
7.898092048083510974e+01
6.059118500244075278e+01
6.797159627373771684e+01
6.313360278013603732e+01
7.458707260645104498e+01
5.365016402584431177e+01
7.581350605268167442e+01
5.429643266366585408e+01
7.793625664605657732e+01
6.414627892559317957e+01
6.652025330679371962e+01
6.305212526156433483e+01
4.990046693168311265e+01
6.846699277754207458e+01
6.964395594737565887e+01
5.371899570915302036e+01
5.144970748216166356e+01
7.968851171906774766e+01
5.150607342828611479e+01
7.362432614292640665e+01
4.519505061397767065e+01
4.820442510807485093e+01
7.320145900185325161e+01
6.994515065392312181e+01
4.838771434982228214e+01
4.871657623437837259e+01
6.229938442713539359e+01
7.538797914787210175e+01
5.948746674720649708e+01
5.806900119685199968e+01
5.689900702121259002e+01
4.701956720345265239e+01
4.796350383364418235e+01
7.396607668384201872e+01
5.088105050016165620e+01
6.161520104649500240e+01
7.820006202043576593e+01
4.989863024172107231e+01
7.545290981797852226e+01
4.966969599262713331e+01
6.726566286003577488e+01
7.583448489968137096e+01
7.370655669613117311e+01
6.640242540751050626e+01
4.910415664686643566e+01
5.921655427327731758e+01
5.143579006878381676e+01
5.097686534105447009e+01
7.144893981018891793e+01
7.923942137597926205e+01
7.530975169259293978e+01
7.970153637164094107e+01
5.248006955025879705e+01
4.880103380052518247e+01
7.636856093969562664e+01
4.718687317464464570e+01
5.631163556495228306e+01
6.972496324846648008e+01
6.848124268732276221e+01
7.009284342926886779e+01
6.558575836262014036e+01
7.800664266586532847e+01
5.832454371874674592e+01
6.702156220202569159e+01
7.865971078004294270e+01
7.144893981018891793e+01
6.957510689894770906e+01
7.092371535671267679e+01
7.876073196714209246e+01
6.599533392596784154e+01
4.552904677236279696e+01
6.542533224982506113e+01
7.533463745183883020e+01
4.555944907480774475e+01
7.624070369559817095e+01
6.732592368471449618e+01
6.846699277754207458e+01
5.953557087993696939e+01
6.286338998176919546e+01
6.050756151093845858e+01
4.788573691612149474e+01
7.191471407160010187e+01
7.216651093131773109e+01
6.688395323244581903e+01
4.642849663730240195e+01
5.119688662409073743e+01
5.915487976490189936e+01
4.878905102581931175e+01
7.200926745912640570e+01
4.934417189496648604e+01
7.943866627782719547e+01
6.450639503181059808e+01
5.128885259001218344e+01
6.290657994200605430e+01
7.820006202043576593e+01
6.005851979527964346e+01
5.017791745379634705e+01
5.248590667979355118e+01
6.521078898464578799e+01
5.753163564509529948e+01
5.315660824394274186e+01
5.258926886732691486e+01
7.181973684162313987e+01
5.747482927334365144e+01
6.146726445840906905e+01
5.636549387701663250e+01
5.469876963881361576e+01
7.622126606138209581e+01
5.127170174667504199e+01
4.805281365331274657e+01
7.950700849610679199e+01
6.721844240980297513e+01
4.759018070989015570e+01
7.837518548622389858e+01
6.578563521012775084e+01
4.663061226276146698e+01
5.479533830537047834e+01
7.291664556190171709e+01
5.592440790924834459e+01
5.249030862930794683e+01
7.540493750411839358e+01
6.115150611391347013e+01
7.362432614292640665e+01
4.353376390802888096e+01
4.927519254148074879e+01
7.825947865913751400e+01
6.653411530936591589e+01
6.987088163176419187e+01
7.429590702050819573e+01
6.943368490869546861e+01
4.850848482482214052e+01
7.779963560325975891e+01
6.587391213522998612e+01
7.853593636036944758e+01
5.982657937739713816e+01
7.040661403589864165e+01
5.316180677892732120e+01
7.176790508298260818e+01
6.754275312718601754e+01
6.642556435590142883e+01
7.574390338502500697e+01
6.950999640339510677e+01
4.544837290816914077e+01
6.558575836262014036e+01
5.314467988425558787e+01
4.774231770662166241e+01
7.092371535671267679e+01
5.408383584769114094e+01
7.338903255936816095e+01
7.598387855328262219e+01
5.008818024244840217e+01
7.018381437340093498e+01
4.989863024172107231e+01
6.675871778277351609e+01
7.996880266704010864e+01
5.305618437091006001e+01
6.521078898464578799e+01
6.198606456293219935e+01
6.805777839453767797e+01
4.794908445424165677e+01
5.698392843600728952e+01
6.801505495109151411e+01
4.756999999999999318e+01
5.489793620893229331e+01
5.063301689609261302e+01
5.223326334817691219e+01
7.876073196714209246e+01
7.571908345985181654e+01
7.238256212652328259e+01
7.274587754642868731e+01
7.396452730870389303e+01
4.737277699269908737e+01
5.843562098583361575e+01
6.887742808787216120e+01
6.809854330306924908e+01
7.874761075740649119e+01
5.743805532919790124e+01
5.339282817008290749e+01
5.964099009909209315e+01
4.318407692657098806e+01
5.318928745527617963e+01
7.593801946324381902e+01
5.436597189419131837e+01
6.658185788936806659e+01
4.763735509030705373e+01
7.800664266586532847e+01
5.314467988425558787e+01
6.892967575725276674e+01
5.197388286437714555e+01
7.070940390075425341e+01
4.289577251897907217e+01
7.015912556467620220e+01
6.462841944531834315e+01
7.837518548622389858e+01
4.576328878041873338e+01
7.661455540561465227e+01
7.445886716839034136e+01
5.249100303861604289e+01
4.849148894393739084e+01
6.094930844562551897e+01
4.582545144349372634e+01
6.964395594737565887e+01
6.229938442713539359e+01
7.583448489968137096e+01
5.078499384660788962e+01
4.879910347537136062e+01
7.789285268880581725e+01
7.260874465241772668e+01
7.385464711174240904e+01
7.863386611378076907e+01
7.612391082964668954e+01
7.898092048083510974e+01
7.970153637164094107e+01
4.552904677236279696e+01
4.494845269861910708e+01
7.899598660691566465e+01
7.338903255936816095e+01
4.737277699269908737e+01
5.748405170131974273e+01
5.417377040598154281e+01
7.779306717182450370e+01
5.290412176759009100e+01
7.925847967252464343e+01
7.030183212406345206e+01
5.428966384128750633e+01
5.327841026156842474e+01
6.655058001249875588e+01
6.580085561753737977e+01
7.557790483997290210e+01
6.889264837411899123e+01
6.771347059485283637e+01
4.288487495609608402e+01
7.482036888441542999e+01
5.316180677892732120e+01
6.230795615328752035e+01
6.562348207768313557e+01
4.563081962884297127e+01
6.198606456293219935e+01
5.338928169586102968e+01
5.609735198741560680e+01
5.120970611124418070e+01
5.811530349228161896e+01
4.880356032094380936e+01
6.609536973192599874e+01
4.726852970000230414e+01
6.770497913743125196e+01
7.904355128661666186e+01
6.935372592730689689e+01
4.957505017647483925e+01
7.913371658149262089e+01
5.371899570915302036e+01
7.396607668384201872e+01
5.953557087993696939e+01
7.902516687739418444e+01
6.790370093006713148e+01
7.141107827221208026e+01
5.521217347650787133e+01
4.869283314821596775e+01
7.282536714634538555e+01
5.947462147840875701e+01
5.450060641864455846e+01
6.514334578450817048e+01
7.211014769087636012e+01
5.921655427327731758e+01
4.641989013343309978e+01
5.583009045308811835e+01
7.908062088780030763e+01
4.447001461659305477e+01
5.815742944800776115e+01
7.823117217580215765e+01
6.065401388201773614e+01
6.258226665757641172e+01
5.119688662409073743e+01
