13
53
61
63
77
88
121
130
26
23
15
31
128
139
142
99
76
55
62
121
123
85
14
112
117
146
107
23
56
111
122
29
112
69
9
94
132
134
25
151
7
21
22
30
35
39
45
54
71
103
109
127
155
80
73
10
95
156
113
132
11
5
12
21
22
47
77
103
127
155
98
101
106
140
153
18
94
132
4
151
75
116
12
17
46
67
135
80
73
6
91
108
81
115
95
156
6
113
18
94
132
7
17
22
47
65
66
135
157
115
64
10
0
21
24
48
53
61
77
88
130
155
34
53
121
123
85
51
112
117
69
137
146
2
26
107
84
120
139
31
1
19
128
142
99
76
32
35
39
103
12
22
40
65
67
70
74
105
80
73
10
9
94
131
11
107
120
118
15
31
133
142
147
79
28
52
59
82
98
101
102
106
110
138
141
153
5
7
13
54
71
77
155
5
7
12
17
39
45
70
74
103
127
152
155
117
146
2
26
107
31
1
133
142
13
48
52
83
88
89
109
149
58
134
143
4
151
100
14
29
112
69
146
107
23
1
139
36
37
52
102
109
124
20
44
59
78
98
110
3
122
112
146
26
5
35
37
39
45
71
107
84
120
23
15
1
19
57
126
58
128
139
142
76
100
79
16
39
90
152
47
77
130
135
34
50
91
115
144
154
41
96
13
46
48
53
130
135
155
51
91
33
81
119
125
144
93
5
16
30
39
71
103
27
37
109
141
27
30
36
38
45
109
37
45
70
74
87
109
127
5
16
22
30
32
35
45
70
87
152
17
70
74
87
90
105
152
91
33
119
144
154
156
96
93
145
151
75
43
108
136
113
129
131
60
116
154
41
96
129
97
72
92
145
150
75
28
59
5
22
30
37
38
39
70
74
87
109
127
67
83
86
127
135
155
34
73
91
81
119
125
10
7
12
77
135
155
50
91
33
115
13
24
53
56
83
88
89
149
34
51
118
57
58
97
92
145
79
47
157
91
108
33
115
64
136
154
156
129
48
53
56
34
14
119
125
68
69
137
144
93
84
20
24
27
61
82
88
89
102
106
109
124
138
141
149
0
13
48
88
121
130
34
51
14
125
137
144
93
5
21
61
71
82
124
148
62
63
121
123
85
117
2
3
48
83
88
89
111
51
112
69
96
93
84
118
31
126
58
49
97
92
145
79
118
31
57
25
49
100
79
20
28
44
61
78
82
110
138
148
129
131
42
150
116
0
13
52
54
59
63
82
88
138
148
55
63
78
104
123
2
0
55
61
62
78
88
104
110
121
123
138
12
65
66
157
80
50
108
115
136
113
12
17
66
114
152
64
12
65
114
157
115
64
17
46
74
86
127
135
73
81
10
51
81
119
125
69
126
3
56
51
14
112
68
26
84
126
139
17
22
38
39
40
45
74
87
90
152
5
21
30
35
54
124
97
145
150
151
75
43
17
46
67
135
6
81
10
95
17
22
38
40
45
67
70
87
105
127
91
119
95
156
41
9
132
134
72
145
151
43
116
15
31
1
126
128
139
143
100
0
7
13
21
47
130
155
33
28
59
62
63
104
110
138
107
84
120
118
31
19
57
58
49
92
17
105
6
108
115
64
10
113
46
67
135
34
73
119
125
10
68
95
20
52
54
59
61
88
102
124
138
148
24
46
48
56
86
89
111
149
125
51
14
69
137
107
93
120
31
57
126
139
79
55
121
14
117
137
2
107
120
133
46
67
83
109
127
149
38
39
40
45
70
74
90
0
13
24
48
52
53
56
61
63
82
110
121
123
138
24
48
52
56
83
106
111
141
149
32
40
70
87
152
46
47
135
34
50
108
33
115
119
10
154
156
41
75
96
93
118
57
49
97
145
43
79
53
34
51
119
125
137
144
41
96
84
57
92
145
18
9
132
11
4
116
73
6
81
119
10
156
132
134
75
33
144
154
41
93
57
97
92
145
43
96
57
49
72
92
145
43
8
20
28
101
106
110
140
153
15
1
128
31
126
58
25
143
76
8
20
98
153
20
27
52
82
124
148
5
7
16
22
35
114
62
63
78
110
122
123
138
140
112
17
40
74
80
8
20
52
89
98
110
111
138
140
141
153
85
14
117
146
2
26
84
120
23
31
19
133
139
142
79
157
80
50
91
115
64
10
136
156
113
129
42
116
5
24
27
36
37
38
45
52
86
127
149
155
20
28
59
63
78
88
98
104
106
138
140
3
56
83
89
106
122
140
3
56
104
121
122
123
14
29
69
146
2
26
80
6
108
64
136
156
11
42
116
65
66
103
152
12
47
66
135
157
80
50
91
108
33
64
10
136
156
108
156
113
9
129
94
131
132
60
42
150
75
55
85
14
146
2
107
120
23
133
19
57
58
49
92
147
79
46
34
51
91
81
125
68
95
41
93
134
145
151
75
85
14
117
137
107
84
31
19
133
79
0
53
55
63
88
123
85
14
112
137
2
3
104
111
123
140
29
112
55
62
63
88
104
121
122
14
112
146
2
27
52
54
71
82
102
148
46
53
83
34
51
81
119
68
93
68
69
84
31
57
134
139
143
151
76
100
5
7
22
38
45
46
67
74
86
109
135
149
155
15
31
1
139
99
76
50
108
60
42
150
43
116
0
13
53
77
155
34
33
137
144
18
60
42
150
116
6
95
156
9
94
134
11
4
151
75
116
85
117
107
120
23
19
142
147
119
95
126
132
25
143
145
4
151
75
12
46
47
67
127
155
34
73
91
33
81
115
10
157
50
108
115
64
113
42
53
121
130
85
51
14
144
93
84
120
20
52
59
61
63
78
82
88
104
106
110
148
14
69
26
107
84
31
1
126
128
76
8
98
104
106
110
111
122
20
36
52
89
106
153
107
23
15
31
1
19
133
147
126
134
25
151
76
100
53
130
34
51
33
137
154
41
96
93
119
41
96
93
57
134
49
97
72
92
151
75
43
123
14
29
112
117
2
26
107
23
118
19
133
142
54
59
61
82
102
124
138
24
48
52
83
86
89
109
127
129
131
60
72
43
116
119
41
9
126
132
134
25
72
143
145
4
75
22
32
39
40
65
70
90
114
8
20
98
101
106
141
50
91
33
144
41
96
43
5
7
13
21
22
46
47
77
109
127
130
135
34
6
50
91
108
115
10
95
41
113
132
75
116
12
66
50
108
115
64
136
