6.316599999999999682e+02 3.116700000000000159e+02
1.857400000000000091e+02 5.829999999999999716e+01
2.655799999999999841e+02 4.749000000000000199e+01
1.858600000000000136e+02 1.325399999999999920e+02
5.058700000000000045e+02 3.458500000000000227e+02
3.046999999999999886e+01 5.090699999999999932e+02
9.028000000000000114e+01 3.634100000000000250e+02
6.928999999999999773e+02 4.549000000000000199e+01
3.074900000000000091e+02 4.555699999999999932e+02
4.227799999999999727e+02 4.732099999999999795e+02
6.747200000000000273e+02 1.706100000000000136e+02
1.018299999999999983e+02 9.175000000000000000e+01
3.486299999999999955e+02 4.168899999999999864e+02
5.010999999999999943e+01 4.607400000000000091e+02
7.000900000000000318e+02 2.202599999999999909e+02
6.934999999999999432e+01 4.923000000000000114e+02
6.076900000000000546e+02 2.880099999999999909e+02
6.038600000000000136e+02 4.540899999999999750e+02
5.985499999999999545e+02 6.899999999999999467e-01
4.149399999999999977e+02 1.023599999999999994e+02
1.369900000000000091e+02 3.098500000000000227e+02
4.674300000000000068e+02 2.910500000000000114e+02
5.754400000000000546e+02 4.967500000000000000e+02
4.820299999999999727e+02 5.350299999999999727e+02
2.675400000000000205e+02 4.108299999999999841e+02
1.580300000000000011e+02 6.460999999999999943e+01
1.219000000000000057e+02 3.433399999999999750e+02
3.198199999999999932e+02 4.353399999999999750e+02
6.744900000000000091e+02 4.334800000000000182e+02
3.627300000000000182e+02 2.141500000000000057e+02
6.897300000000000182e+02 8.506999999999999318e+01
3.859100000000000250e+02 1.492700000000000102e+02
4.295799999999999841e+02 1.997199999999999989e+02
2.032599999999999909e+02 3.988799999999999955e+02
6.777300000000000182e+02 1.309399999999999977e+02
2.371100000000000136e+02 2.939900000000000091e+02
2.048300000000000125e+02 1.064399999999999977e+02
6.982999999999999829e+01 3.696700000000000159e+02
1.749399999999999977e+02 2.571800000000000068e+02
7.948999999999999488e+01 2.322100000000000080e+02
1.789999999999999858e+01 1.203499999999999943e+02
4.842000000000000171e+01 3.717000000000000171e+01
4.823000000000000114e+02 7.550000000000000000e+01
6.151200000000000045e+02 1.074200000000000017e+02
3.099900000000000091e+02 3.583799999999999955e+02
3.143000000000000114e+02 4.934599999999999795e+02
3.989499999999999886e+02 5.088000000000000256e+01
3.359800000000000182e+02 1.637199999999999989e+02
5.444600000000000364e+02 4.334000000000000341e+01
3.922099999999999795e+02 2.687500000000000000e+02
1.344900000000000091e+02 3.634900000000000091e+02
4.544900000000000091e+02 4.637599999999999909e+02
2.383499999999999943e+02 1.933700000000000045e+02
2.543400000000000034e+02 2.404300000000000068e+02
5.568099999999999454e+02 2.022899999999999920e+02
4.512699999999999818e+02 5.431000000000000227e+02
4.957500000000000000e+02 3.740999999999999659e+01
2.477400000000000091e+02 3.697300000000000182e+02
7.155000000000000000e+02 2.648700000000000045e+02
1.628899999999999864e+02 3.468600000000000136e+02
4.336200000000000045e+02 2.641100000000000136e+02
5.146399999999999864e+02 3.144599999999999795e+02
3.345600000000000023e+02 2.800299999999999727e+02
6.156599999999999682e+02 1.930099999999999909e+02
4.736200000000000045e+02 1.205400000000000063e+02
3.873199999999999932e+02 1.796599999999999966e+02
1.633400000000000034e+02 4.596000000000000227e+02
3.321100000000000136e+02 3.084900000000000091e+02
2.948299999999999841e+02 1.000000000000000056e-01
3.659000000000000341e+01 5.418400000000000318e+02
4.407699999999999818e+02 6.277000000000000313e+01
4.295000000000000284e+01 9.643000000000000682e+01
9.332999999999999829e+01 4.161800000000000068e+02
6.089999999999999858e+01 2.827900000000000205e+02
5.173099999999999454e+02 5.577899999999999636e+02
6.826299999999999955e+02 3.295699999999999932e+02
6.707100000000000364e+02 2.837599999999999909e+02
2.549000000000000057e+02 1.171200000000000045e+02
1.294099999999999966e+02 4.395699999999999932e+02
5.249700000000000273e+02 7.375000000000000000e+01
7.126499999999999773e+02 3.275000000000000000e+01
5.489700000000000273e+02 2.498600000000000136e+02
8.485999999999999943e+01 1.853700000000000045e+02
2.738700000000000045e+02 1.293300000000000125e+02
3.164599999999999795e+02 1.166200000000000045e+02
4.120299999999999727e+02 2.851000000000000227e+02
5.826799999999999500e+02 2.450000000000000000e+01
2.841899999999999977e+02 8.593999999999999773e+01
5.762000000000000455e+02 3.993700000000000045e+02
6.812899999999999636e+02 4.540899999999999750e+02
4.685000000000000000e+02 5.021299999999999955e+02
5.291000000000000227e+02 2.880000000000000000e+02
4.385199999999999818e+02 2.311800000000000068e+02
2.020900000000000034e+02 1.066000000000000014e+01
2.522100000000000080e+02 4.737300000000000182e+02
6.057000000000000028e+01 1.340200000000000102e+02
7.196499999999999773e+02 3.979900000000000091e+02
3.846899999999999977e+02 4.008199999999999932e+02
3.471299999999999955e+02 1.600000000000000089e+00
1.644399999999999977e+02 5.264700000000000273e+02
4.340500000000000114e+02 5.153099999999999454e+02
5.591900000000000546e+02 5.559099999999999682e+02
2.933999999999999773e+02 1.131599999999999966e+02
5.794900000000000091e+02 7.040999999999999659e+01
3.015500000000000114e+02 5.612899999999999636e+02
2.593399999999999750e+02 3.186800000000000068e+02
1.864799999999999898e+02 2.983500000000000227e+02
2.392899999999999920e+02 3.478000000000000114e+01
3.691700000000000159e+02 3.004100000000000250e+02
1.699099999999999966e+02 4.355299999999999727e+02
2.696200000000000045e+02 5.477699999999999818e+02
6.320000000000000000e+02 2.165000000000000000e+02
2.353000000000000114e+01 1.618199999999999932e+02
4.208700000000000045e+02 1.377800000000000011e+02
6.541299999999999955e+02 2.128700000000000045e+02
3.907500000000000000e+02 3.134200000000000159e+02
2.793899999999999864e+02 4.473000000000000114e+02
6.093600000000000136e+02 1.596599999999999966e+02
3.900000000000000000e+01 3.669300000000000068e+02
3.802300000000000182e+02 9.940999999999999659e+01
6.206900000000000546e+02 3.870000000000000107e+00
4.259399999999999977e+02 3.448700000000000045e+02
3.283399999999999750e+02 2.303199999999999932e+02
4.208799999999999955e+02 5.402300000000000182e+02
4.822300000000000182e+02 4.856000000000000227e+02
1.467800000000000011e+02 1.737100000000000080e+02
4.246299999999999955e+02 4.512500000000000000e+02
4.781700000000000159e+02 2.182700000000000102e+02
6.878500000000000227e+02 3.645899999999999750e+02
4.734900000000000091e+02 1.700200000000000102e+02
5.351699999999999591e+02 1.019500000000000028e+02
5.757999999999999829e+01 2.044300000000000068e+02
2.465800000000000125e+02 1.496200000000000045e+02
3.048700000000000045e+02 4.184200000000000159e+02
3.705199999999999818e+02 5.001000000000000227e+02
4.041299999999999955e+02 2.310999999999999943e+02
1.993100000000000023e+02 3.598199999999999932e+02
2.897599999999999909e+02 3.332900000000000205e+02
2.373000000000000043e+01 2.083100000000000023e+02
6.122500000000000000e+02 7.962999999999999545e+01
4.540299999999999727e+02 1.594600000000000080e+02
3.045199999999999818e+02 2.542700000000000102e+02
5.103199999999999932e+02 2.341399999999999864e+02
4.778999999999999915e+01 6.228000000000000114e+01
3.618199999999999932e+02 3.713399999999999750e+02
5.655000000000000000e+02 3.149700000000000273e+02
5.026000000000000227e+02 3.797599999999999909e+02
2.326999999999999886e+02 5.234199999999999591e+02
2.248400000000000034e+02 3.986700000000000159e+02
5.492100000000000364e+02 3.639800000000000182e+02
5.214700000000000273e+02 4.913000000000000114e+02
1.198900000000000006e+02 1.190199999999999960e+02
3.099499999999999886e+02 4.709000000000000341e+01
3.184700000000000273e+02 5.414700000000000273e+02
2.328999999999999915e+01 6.388000000000000256e+01
1.976800000000000068e+02 2.341399999999999864e+02
4.446399999999999864e+02 9.949999999999999289e+00
4.720400000000000205e+02 1.153999999999999915e+01
2.162100000000000080e+02 5.555599999999999454e+02
3.446299999999999955e+02 4.666100000000000136e+02
6.046399999999999864e+02 5.821000000000000085e+01
2.796600000000000250e+02 2.169000000000000128e+01
4.280000000000000249e+00 2.580199999999999818e+02
7.030299999999999727e+02 4.961899999999999977e+02
2.371999999999999886e+01 2.985400000000000205e+02
6.502899999999999636e+02 4.721999999999999886e+01
1.118400000000000034e+02 2.303999999999999915e+01
4.643600000000000136e+02 3.505000000000000000e+02
3.388799999999999955e+02 1.992299999999999898e+02
4.956600000000000250e+02 9.631999999999999318e+01
1.529900000000000091e+02 3.906000000000000227e+01
1.481599999999999966e+02 2.134699999999999989e+02
2.939200000000000159e+02 3.047300000000000182e+02
1.411800000000000068e+02 9.470000000000000639e+00
9.667000000000000171e+01 2.552199999999999989e+02
5.059800000000000182e+02 4.406999999999999886e+02
5.827400000000000091e+02 1.533400000000000034e+02
3.278999999999999915e+01 3.202599999999999909e+02
6.637400000000000091e+02 1.911699999999999875e+02
6.983999999999999773e+02 5.468700000000000045e+02
3.440899999999999750e+02 3.424100000000000250e+02
6.268600000000000136e+02 3.626299999999999955e+02
7.125199999999999818e+02 2.983999999999999773e+02
2.679399999999999977e+02 1.642400000000000091e+02
5.333400000000000318e+02 3.437400000000000091e+02
6.570000000000000000e+02 9.764000000000000057e+01
5.056200000000000045e+02 5.054800000000000182e+02
5.126100000000000136e+02 1.928300000000000125e+02
2.689999999999999947e+00 4.440500000000000114e+02
9.459000000000000341e+01 5.501499999999999773e+02
3.881999999999999886e+02 4.495699999999999932e+02
6.054199999999999591e+02 5.266799999999999500e+02
6.759800000000000182e+02 5.433400000000000318e+02
6.369199999999999591e+02 3.857400000000000091e+02
5.672000000000000455e+02 2.327100000000000080e+02
3.442699999999999818e+02 1.055900000000000034e+02
5.363999999999999773e+02 1.300000000000000044e-01
8.373000000000000398e+01 3.017699999999999818e+02
6.735099999999999909e+02 6.650000000000000000e+01
2.404499999999999886e+02 8.301000000000000512e+01
4.617500000000000000e+02 2.367400000000000091e+02
2.186699999999999875e+02 3.345400000000000205e+02
3.268299999999999841e+02 7.440000000000000568e+01
5.418999999999999773e+02 4.704100000000000250e+02
4.026399999999999864e+02 3.617699999999999818e+02
5.153999999999999773e+02 1.612000000000000099e+01
1.265600000000000023e+02 7.773000000000000398e+01
1.566500000000000057e+02 1.425500000000000114e+02
1.141599999999999966e+02 1.999000000000000057e+02
9.176000000000000512e+01 2.894999999999999929e+01
2.080399999999999920e+02 2.055999999999999943e+02
5.589900000000000091e+02 1.589000000000000057e+01
5.391799999999999500e+02 1.766500000000000057e+02
5.999700000000000273e+02 2.295399999999999920e+02
7.158099999999999454e+02 1.182800000000000011e+02
2.603999999999999915e+01 4.651499999999999773e+02
5.648600000000000136e+02 5.312500000000000000e+02
1.799300000000000068e+02 4.837900000000000205e+02
1.498700000000000045e+02 4.060899999999999750e+02
5.667999999999999545e+02 4.231899999999999977e+02
3.471999999999999886e+02 5.425000000000000000e+01
3.076200000000000045e+02 2.821399999999999864e+02
3.783999999999999773e+02 5.359400000000000546e+02
5.213000000000000256e+01 5.576799999999999500e+02
7.163899999999999864e+02 4.516000000000000227e+02
5.105099999999999909e+02 2.699499999999999886e+02
5.645499999999999545e+02 3.438700000000000045e+02
2.922400000000000091e+02 1.715699999999999932e+02
1.057900000000000063e+02 4.782900000000000205e+02
4.881499999999999773e+02 4.549399999999999977e+02
7.208700000000000045e+02 3.743899999999999864e+02
1.027999999999999972e+02 6.801000000000000512e+01
6.268300000000000409e+02 5.303099999999999454e+02
1.375999999999999943e+02 5.153400000000000318e+02
6.094700000000000273e+02 4.049700000000000273e+02
1.033999999999999986e+01 3.897400000000000091e+02
1.038000000000000078e+01 2.426000000000000156e+01
6.509999999999999787e+00 5.396399999999999864e+02
2.501899999999999977e+02 4.384800000000000182e+02
1.635000000000000000e+02 1.807999999999999829e+01
1.910699999999999932e+02 4.208799999999999955e+02
4.471299999999999955e+02 4.065299999999999727e+02
1.824000000000000057e+02 5.497799999999999727e+02
6.499500000000000455e+02 4.584599999999999795e+02
5.270099999999999909e+02 4.127799999999999727e+02
5.374800000000000182e+02 4.431299999999999955e+02
3.650899999999999750e+02 7.231999999999999318e+01
6.393500000000000227e+02 1.415800000000000125e+02
4.907500000000000000e+02 3.099200000000000159e+02
1.916800000000000068e+02 8.806000000000000227e+01
4.571899999999999977e+02 3.158299999999999841e+02
5.078000000000000114e+02 1.249800000000000040e+02
4.401100000000000136e+02 4.295799999999999841e+02
1.507299999999999898e+02 2.373600000000000136e+02
7.001499999999999773e+02 1.591899999999999977e+02
2.267199999999999989e+02 3.577599999999999909e+02
7.094099999999999682e+02 1.931200000000000045e+02
1.342199999999999989e+02 4.919499999999999886e+02
2.569499999999999886e+02 5.213600000000000136e+02
1.160400000000000063e+02 4.100299999999999727e+02
2.234600000000000080e+02 2.591499999999999773e+02
4.362500000000000000e+02 3.231399999999999864e+02
5.874099999999999682e+02 1.818499999999999943e+02
4.898500000000000227e+02 5.583799999999999955e+02
4.377799999999999727e+02 1.030799999999999983e+02
8.884000000000000341e+01 4.525000000000000000e+02
3.948600000000000136e+02 7.268000000000000682e+01
6.038400000000000318e+02 1.348400000000000034e+02
3.375000000000000000e+01 4.145500000000000114e+02
6.304299999999999500e+02 3.365999999999999659e+01
1.536500000000000057e+02 2.784800000000000182e+02
4.368399999999999750e+02 2.905299999999999727e+02
1.210999999999999943e+02 4.586999999999999744e+01
7.884999999999999432e+01 5.212300000000000182e+02
3.344700000000000273e+02 1.373400000000000034e+02
6.552300000000000182e+02 1.457000000000000028e+01
5.328200000000000500e+02 5.319299999999999500e+02
6.190999999999999659e+01 3.360899999999999750e+02
2.681100000000000136e+02 4.876299999999999955e+02
6.935099999999999909e+02 4.023100000000000023e+02
3.398799999999999955e+02 2.552899999999999920e+02
7.923999999999999488e+01 3.226000000000000227e+02
2.930000000000000000e+02 1.946100000000000136e+02
5.145800000000000409e+02 4.629200000000000159e+02
1.895900000000000034e+02 1.800600000000000023e+02
1.713799999999999955e+02 1.160300000000000011e+02
6.345499999999999545e+02 1.836399999999999864e+02
3.739499999999999886e+02 4.687400000000000091e+02
5.932999999999999545e+02 3.684399999999999977e+02
4.206700000000000159e+02 5.417000000000000171e+01
4.854499999999999886e+02 1.908799999999999955e+02
1.294499999999999886e+02 1.547700000000000102e+02
6.903000000000000114e+01 2.580799999999999841e+02
5.511900000000000546e+02 6.515000000000000568e+01
8.484999999999999432e+01 1.580900000000000034e+02
6.081100000000000136e+02 3.236499999999999773e+02
1.707400000000000091e+02 3.912599999999999909e+02
3.325400000000000205e+02 3.902000000000000313e+01
3.013799999999999955e+02 2.755999999999999872e+01
1.966599999999999966e+02 5.050199999999999818e+02
6.892100000000000364e+02 3.001999999999999886e+02
4.173999999999999773e+02 4.239900000000000091e+02
5.426000000000000227e+02 3.192500000000000000e+02
3.350099999999999909e+02 4.002599999999999909e+02
8.640000000000000568e+00 3.205299999999999727e+02
1.092999999999999972e+01 4.124200000000000159e+02
4.205600000000000023e+02 4.979900000000000091e+02
5.374000000000000199e+01 5.138600000000000136e+02
5.865800000000000409e+02 4.711999999999999886e+02
2.195600000000000023e+02 1.745800000000000125e+02
1.973799999999999955e+02 4.718700000000000045e+02
5.615800000000000409e+02 2.675400000000000205e+02
4.663799999999999955e+02 3.746200000000000045e+02
9.906000000000000227e+01 1.208299999999999983e+02
7.764000000000000057e+01 4.341499999999999773e+02
8.923999999999999488e+01 3.953000000000000114e+02
1.981800000000000068e+02 2.673600000000000136e+02
4.604100000000000250e+02 9.676000000000000512e+01
6.164400000000000546e+02 5.490199999999999818e+02
2.937099999999999795e+02 3.788500000000000227e+02
2.223300000000000125e+02 2.303400000000000034e+02
6.566699999999999591e+02 3.326200000000000045e+02
4.903100000000000023e+02 3.625299999999999727e+02
5.612799999999999727e+02 1.307899999999999920e+02
2.648999999999999773e+02 2.798799999999999955e+02
6.438899999999999864e+02 2.436200000000000045e+02
6.307000000000000455e+02 3.416999999999999886e+02
5.719600000000000364e+02 4.493700000000000045e+02
1.242999999999999972e+02 3.889900000000000091e+02
2.422400000000000091e+02 5.009300000000000068e+02
5.176900000000000546e+02 1.637899999999999920e+02
4.782500000000000000e+02 2.715899999999999750e+02
1.260799999999999983e+02 4.687699999999999818e+02
2.076999999999999957e+01 9.450000000000000000e+01
3.696700000000000159e+02 2.764900000000000091e+02
6.727000000000000455e+02 5.112500000000000000e+02
2.592400000000000091e+02 1.885699999999999932e+02
6.972100000000000364e+02 4.247500000000000000e+02
6.714600000000000364e+02 3.484300000000000068e+02
4.047900000000000205e+02 1.844999999999999929e+01
3.191200000000000045e+02 3.840299999999999727e+02
4.252699999999999818e+02 2.812000000000000099e+01
5.785000000000000142e+01 1.797500000000000000e+02
7.190900000000000318e+02 2.396100000000000136e+02
2.125800000000000125e+02 5.331100000000000136e+02
2.168899999999999864e+02 2.834800000000000182e+02
4.850400000000000205e+02 3.949399999999999977e+02
2.159300000000000068e+02 1.442800000000000011e+02
6.250599999999999454e+02 4.300199999999999818e+02
2.750000000000000000e+01 1.400000000000000133e-01
4.112300000000000182e+02 5.202899999999999636e+02
2.265600000000000023e+02 4.757200000000000273e+02
1.154099999999999966e+02 2.418400000000000034e+02
3.080000000000000071e+00 2.347299999999999898e+02
1.463600000000000136e+02 1.029500000000000028e+02
6.673999999999999773e+02 3.717099999999999795e+02
1.611599999999999966e+02 1.942400000000000091e+02
1.059800000000000040e+02 3.022300000000000182e+02
4.114100000000000250e+02 4.024499999999999886e+02
6.932899999999999636e+02 1.394999999999999929e+01
2.585000000000000000e+02 2.156800000000000068e+02
8.879999999999999716e+01 5.185000000000000142e+01
1.127699999999999960e+02 2.693100000000000023e+02
6.590599999999999454e+02 4.952300000000000182e+02
8.371999999999999886e+01 2.792099999999999795e+02
3.767099999999999795e+02 5.139999999999999858e+01
3.160000000000000000e+02 3.236899999999999977e+02
2.200699999999999932e+02 4.494900000000000091e+02
1.203999999999999915e+01 2.791299999999999955e+02
5.339999999999999858e+01 3.000000000000000000e+00
3.456200000000000045e+02 5.513200000000000500e+02
6.108500000000000227e+02 4.824700000000000273e+02
3.246899999999999977e+02 4.745799999999999841e+02
9.884999999999999432e+01 3.416899999999999977e+02
2.223000000000000114e+02 5.877000000000000313e+01
5.853200000000000500e+02 2.677400000000000091e+02
5.795700000000000500e+02 1.031200000000000045e+02
6.995000000000000284e+01 8.039000000000000057e+01
1.070999999999999943e+02 1.577700000000000102e+02
6.366100000000000136e+02 6.690000000000000568e+01
5.878600000000000136e+02 5.589299999999999500e+02
5.387699999999999818e+02 3.841800000000000068e+02
4.016700000000000159e+02 1.197699999999999960e+02
7.047100000000000364e+02 4.706700000000000159e+02
1.628000000000000114e+01 1.417500000000000000e+02
3.713799999999999955e+02 2.530800000000000125e+02
2.865600000000000023e+02 2.206599999999999966e+02
7.216299999999999955e+02 9.481999999999999318e+01
5.564000000000000057e+01 4.223299999999999841e+02
5.909000000000000341e+01 2.267800000000000011e+02
3.560099999999999909e+02 5.165800000000000409e+02
1.910699999999999932e+02 3.363199999999999932e+02
3.701600000000000250e+02 3.372500000000000000e+02
6.776100000000000136e+02 2.117299999999999898e+02
4.337200000000000273e+02 5.572200000000000273e+02
6.377999999999999545e+02 1.150999999999999943e+02
2.028199999999999932e+02 3.173000000000000114e+02
2.289000000000000057e+01 2.456500000000000057e+02
4.704200000000000159e+02 4.359700000000000273e+02
1.545900000000000034e+02 3.736499999999999773e+02
1.129999999999999893e+00 4.838000000000000114e+02
3.157900000000000205e+02 5.188500000000000227e+02
2.123199999999999932e+02 4.290899999999999750e+02
6.476900000000000546e+02 4.059599999999999795e+02
3.810600000000000023e+02 4.282599999999999909e+02
2.641399999999999864e+02 3.398899999999999864e+02
3.979300000000000068e+02 4.917400000000000091e+02
1.376500000000000057e+02 5.461900000000000546e+02
4.800099999999999909e+02 3.306100000000000136e+02
1.127999999999999972e+02 5.352200000000000273e+02
2.875299999999999727e+02 5.113100000000000023e+02
6.477400000000000091e+02 3.561200000000000045e+02
1.810999999999999943e+02 2.186200000000000045e+02
5.279400000000000546e+02 2.543000000000000114e+02
3.756600000000000250e+02 1.298400000000000034e+02
1.585000000000000000e+02 5.063199999999999932e+02
6.343600000000000136e+02 5.038799999999999955e+02
7.061900000000000546e+02 3.222699999999999818e+02
2.856999999999999886e+02 5.686999999999999744e+01
5.976100000000000136e+02 5.024499999999999886e+02
4.138799999999999955e+02 3.117500000000000000e+02
2.003000000000000114e+02 3.250000000000000000e+01
3.816399999999999864e+02 3.573299999999999841e+02
1.745600000000000023e+02 3.654800000000000182e+02
5.593400000000000318e+02 9.009000000000000341e+01
3.181000000000000227e+02 1.281000000000000050e+01
5.359700000000000273e+02 1.464099999999999966e+02
3.192599999999999909e+02 2.068400000000000034e+02
6.578799999999999955e+02 1.544300000000000068e+02
7.213899999999999864e+02 5.156900000000000546e+02
4.563600000000000136e+02 1.939499999999999886e+02
5.721000000000000227e+02 3.635699999999999932e+02
6.892300000000000182e+02 2.677500000000000000e+02
5.954600000000000364e+02 3.419499999999999886e+02
4.654999999999999716e+01 2.530200000000000102e+02
1.892100000000000080e+02 3.811499999999999773e+02
6.934700000000000273e+02 1.167999999999999972e+02
6.855399999999999636e+02 2.445300000000000011e+02
3.641299999999999955e+02 1.896999999999999886e+01
2.290800000000000125e+02 1.027999999999999972e+02
1.039599999999999937e+02 5.076499999999999773e+02
5.783200000000000500e+02 2.965199999999999818e+02
6.182100000000000364e+02 2.596399999999999864e+02
2.323400000000000034e+02 1.245199999999999960e+02
3.169999999999999929e+00 5.659000000000000341e+01
4.460799999999999841e+02 4.877799999999999727e+02
6.013200000000000500e+02 3.411999999999999744e+01
6.744600000000000364e+02 3.253999999999999915e+01
3.843199999999999932e+02 7.009999999999999787e+00
2.293799999999999955e+02 3.147799999999999727e+02
7.248000000000000398e+01 1.011899999999999977e+02
2.919200000000000159e+02 1.482299999999999898e+02
2.449900000000000091e+02 5.515800000000000409e+02
3.976100000000000136e+02 4.690600000000000023e+02
1.761100000000000136e+02 2.788500000000000227e+02
7.144099999999999682e+02 3.449900000000000091e+02
6.278899999999999864e+02 2.814200000000000159e+02
4.304200000000000159e+02 1.640900000000000034e+02
2.789300000000000068e+02 2.636299999999999955e+02
7.307999999999999829e+01 5.463500000000000227e+02
3.678899999999999864e+02 1.900900000000000034e+02
3.674100000000000250e+02 4.460299999999999727e+02
2.506800000000000068e+02 6.409999999999999432e+01
2.496399999999999864e+02 3.974800000000000182e+02
2.536500000000000057e+02 1.485999999999999943e+01
4.163500000000000227e+02 3.800099999999999909e+02
6.646000000000000227e+02 2.393600000000000136e+02
9.062999999999999545e+01 7.519999999999999574e+00
7.161799999999999500e+02 6.670000000000000284e+01
1.152099999999999937e+02 1.772299999999999898e+02
7.030000000000000249e+00 3.464300000000000068e+02
2.553000000000000114e+01 4.424200000000000159e+02
6.705900000000000318e+02 4.767699999999999818e+02
4.633299999999999841e+02 4.946000000000000085e+01
1.599699999999999989e+02 5.558700000000000045e+02
6.298200000000000500e+02 4.659800000000000182e+02
5.044499999999999886e+02 5.818999999999999773e+01
7.221499999999999773e+02 5.490499999999999545e+02
2.176500000000000057e+02 4.956800000000000068e+02
4.089999999999999858e+00 5.111700000000000159e+02
5.396799999999999500e+02 2.155300000000000011e+02
1.228499999999999943e+02 5.612899999999999636e+02
1.952599999999999909e+02 4.437200000000000273e+02
3.088899999999999864e+02 8.918999999999999773e+01
4.101200000000000045e+02 2.097700000000000102e+02
4.848399999999999750e+02 2.395800000000000125e+02
6.470299999999999727e+02 5.482699999999999818e+02
4.093500000000000227e+02 1.605600000000000023e+02
5.031899999999999977e+02 4.066399999999999864e+02
4.395899999999999750e+02 3.838299999999999841e+02
3.618999999999999773e+01 2.758899999999999864e+02
4.956399999999999864e+02 1.456200000000000045e+02
5.707699999999999818e+02 4.461999999999999744e+01
3.713999999999999773e+02 5.598600000000000136e+02
1.724900000000000091e+02 3.248799999999999955e+02
2.875199999999999818e+02 4.016499999999999773e+02
4.458100000000000023e+02 3.657999999999999829e+01
6.581900000000000546e+02 1.211599999999999966e+02
3.718999999999999773e+01 4.835799999999999841e+02
6.490900000000000318e+02 2.650000000000000000e+02
3.352900000000000205e+02 5.049700000000000273e+02
7.198799999999999955e+02 1.740300000000000011e+02
3.416800000000000068e+02 4.440600000000000023e+02
2.389900000000000091e+02 4.197799999999999727e+02
8.089999999999999858e+00 1.928100000000000023e+02
6.882400000000000091e+02 1.880200000000000102e+02
5.873200000000000500e+02 2.116500000000000057e+02
3.135299999999999727e+02 1.483000000000000114e+02
2.403700000000000045e+02 3.390600000000000023e+02
5.586399999999999864e+02 5.098199999999999932e+02
4.544599999999999795e+02 1.313400000000000034e+02
2.011699999999999875e+02 1.599699999999999989e+02
1.015799999999999983e+02 2.249600000000000080e+02
4.232599999999999909e+02 7.804000000000000625e+01
5.055899999999999750e+02 5.364299999999999500e+02
2.325300000000000011e+02 1.011999999999999922e+01
5.210499999999999545e+02 4.503999999999999915e+01
1.277999999999999972e+02 2.233199999999999932e+02
1.328000000000000114e+02 2.602099999999999795e+02
3.581999999999999886e+02 3.954399999999999977e+02
5.936399999999999864e+02 4.227099999999999795e+02
6.495499999999999545e+02 4.334599999999999795e+02
3.552799999999999727e+02 2.396100000000000136e+02
1.074099999999999966e+02 4.393500000000000227e+02
7.225199999999999818e+02 9.779999999999999361e+00
6.423999999999999488e+01 2.150000000000000000e+01
3.310899999999999750e+02 3.618899999999999864e+02
1.316699999999999875e+02 2.819399999999999977e+02
4.731499999999999773e+02 1.486699999999999875e+02
5.608899999999999864e+02 1.608199999999999932e+02
7.229400000000000546e+02 4.215299999999999727e+02
4.524000000000000199e+01 1.501999999999999886e+02
3.520899999999999750e+02 3.209700000000000273e+02
3.861000000000000227e+02 2.133400000000000034e+02
2.599700000000000273e+02 9.629999999999999716e+01
1.664000000000000057e+02 1.641399999999999864e+02
6.612799999999999727e+02 3.093600000000000136e+02
5.602200000000000273e+02 4.806200000000000045e+02
2.999999999999999889e-01 1.064500000000000028e+02
6.988700000000000045e+02 5.254600000000000364e+02
1.440699999999999932e+02 1.242699999999999960e+02
3.556399999999999864e+02 1.381699999999999875e+02
1.625200000000000102e+02 8.654999999999999716e+01
4.603000000000000114e+02 5.235800000000000409e+02
8.199999999999999512e-01 1.239999999999999991e+00
3.114599999999999795e+02 1.813400000000000034e+02
1.910200000000000102e+02 5.259400000000000546e+02
6.707999999999999829e+01 3.908000000000000114e+02
6.682200000000000273e+02 4.014900000000000091e+02
5.743999999999999773e+01 3.119800000000000182e+02
1.566000000000000014e+01 3.675199999999999818e+02
5.334500000000000455e+02 1.254399999999999977e+02
4.941000000000000227e+02 2.873999999999999773e+02
2.906499999999999773e+02 4.901999999999999886e+02
1.588700000000000045e+02 3.065199999999999818e+02
3.629999999999999716e+01 2.291899999999999977e+02
4.001999999999999886e+02 3.349599999999999795e+02
4.121800000000000068e+02 2.539900000000000091e+02
2.464199999999999875e+02 2.687900000000000205e+02
1.424199999999999875e+02 3.334499999999999886e+02
1.600000000000000033e-01 7.870999999999999375e+01
3.823700000000000045e+02 3.021000000000000085e+01
3.075000000000000000e+01 1.869900000000000091e+02
9.092000000000000171e+01 2.068400000000000034e+02
2.722799999999999727e+02 3.647400000000000091e+02
5.058700000000000045e+02 2.136200000000000045e+02
6.361200000000000045e+02 8.814000000000000057e+01
5.236200000000000045e+02 3.675699999999999932e+02
4.720400000000000205e+02 4.142300000000000182e+02
6.464299999999999500e+02 2.942200000000000273e+02
4.543700000000000045e+02 2.734200000000000159e+02
7.194900000000000091e+02 1.411899999999999977e+02
2.419999999999999929e+00 5.607699999999999818e+02
1.629999999999999893e+00 1.725900000000000034e+02
3.604399999999999977e+02 1.655300000000000011e+02
2.984499999999999886e+02 5.337300000000000182e+02
4.947400000000000091e+02 1.138000000000000078e+01
3.925400000000000205e+02 5.593500000000000227e+02
5.524299999999999500e+02 4.011499999999999773e+02
7.159000000000000341e+01 4.660299999999999727e+02
2.124799999999999898e+02 8.017000000000000171e+01
5.506200000000000045e+02 2.977400000000000091e+02
6.475099999999999909e+02 5.232000000000000455e+02
4.568299999999999841e+02 2.155600000000000023e+02
5.775900000000000318e+02 2.680000000000000160e+00
4.257999999999999829e+01 1.231500000000000057e+02
1.708600000000000136e+02 4.122599999999999909e+02
5.370299999999999727e+02 5.108899999999999864e+02
1.540699999999999932e+02 4.807900000000000205e+02
4.174000000000000199e+01 3.418000000000000114e+02
2.437899999999999920e+02 1.707899999999999920e+02
1.154200000000000017e+02 1.659999999999999920e+00
3.861399999999999864e+02 3.798700000000000045e+02
1.791899999999999977e+02 3.679999999999999716e+01
5.638700000000000045e+02 1.824900000000000091e+02
1.776100000000000136e+02 1.159999999999999920e+00
4.067200000000000273e+02 1.880399999999999920e+02
4.603000000000000114e+01 3.970199999999999818e+02
5.857799999999999727e+02 5.371900000000000546e+02
5.824700000000000273e+02 1.309699999999999989e+02
1.482899999999999920e+02 4.287099999999999795e+02
2.886999999999999886e+02 4.686200000000000045e+02
6.313300000000000409e+02 1.610999999999999943e+02
6.092599999999999909e+02 3.832900000000000205e+02
3.892699999999999818e+02 5.163500000000000227e+02
4.254499999999999886e+02 2.700000000000000178e-01
5.871499999999999773e+02 3.207200000000000273e+02
2.694999999999999929e+01 5.606599999999999682e+02
2.804900000000000091e+02 2.406800000000000068e+02
6.212200000000000273e+02 2.352100000000000080e+02
4.596700000000000159e+02 7.495999999999999375e+01
7.227999999999999545e+02 2.150399999999999920e+02
2.696700000000000159e+02 3.875000000000000000e+02
2.856100000000000136e+02 2.852200000000000273e+02
3.365299999999999727e+02 5.292200000000000273e+02
3.049800000000000182e+02 2.318899999999999864e+02
2.696999999999999886e+01 3.867000000000000171e+01
4.442200000000000273e+02 3.598799999999999955e+02
3.631000000000000227e+01 1.948999999999999844e+01
5.362699999999999818e+02 2.130999999999999872e+01
1.151700000000000017e+02 3.222400000000000091e+02
3.271899999999999977e+02 5.615499999999999545e+02
4.999300000000000068e+02 1.753199999999999932e+02
2.844900000000000091e+02 4.239200000000000159e+02
1.040900000000000034e+02 3.798600000000000136e+02
2.117199999999999989e+02 3.784900000000000091e+02
8.156999999999999318e+01 1.357400000000000091e+02
4.674700000000000273e+02 5.600599999999999454e+02
3.514399999999999977e+02 4.867200000000000273e+02
2.718600000000000136e+02 2.100000000000000089e+00
6.743999999999999773e+02 8.499999999999999778e-01
7.227500000000000000e+02 4.857400000000000091e+02
3.830500000000000114e+02 2.353499999999999943e+02
2.899999999999999800e-01 2.983600000000000136e+02
6.656000000000000227e+01 4.946000000000000085e+01
1.330200000000000102e+02 1.902800000000000011e+02
1.373600000000000136e+02 5.927000000000000313e+01
4.855799999999999841e+02 5.142799999999999727e+02
3.912400000000000091e+02 2.912300000000000182e+02
2.569999999999999840e+00 2.134300000000000068e+02
4.895600000000000023e+02 4.261000000000000227e+02
3.462599999999999909e+02 8.315000000000000568e+01
3.053100000000000023e+02 6.768999999999999773e+01
5.618400000000000318e+02 3.821200000000000045e+02
3.422599999999999909e+02 3.802300000000000182e+02
5.383400000000000318e+02 5.614700000000000273e+02
6.976699999999999591e+02 1.381800000000000068e+02
5.458700000000000045e+02 4.239399999999999977e+02
2.708600000000000136e+02 3.011299999999999955e+02
5.857899999999999636e+02 2.455300000000000011e+02
7.008500000000000227e+02 3.810000000000000000e+02
6.648899999999999864e+02 5.611399999999999864e+02
5.193099999999999454e+02 3.926700000000000159e+02
3.998299999999999841e+02 5.383799999999999955e+02
3.486899999999999977e+02 2.954900000000000091e+02
5.544199999999999591e+02 1.109500000000000028e+02
6.775499999999999545e+02 1.032300000000000040e+02
1.338100000000000023e+02 2.914000000000000057e+01
5.033399999999999750e+02 4.806299999999999955e+02
1.255900000000000034e+02 9.879999999999999716e+01
6.551200000000000045e+02 7.668999999999999773e+01
